_key_out,Count all
114,4
115,4
119,4
129,4
138,4
140,4
160,4
169,4
192,4
201,4
217,4
222,4
223,4
234,4
243,4
245,4
247,4
254,4
259,4
274,4
302,4
328,4
336,4
346,4
358,4
364,4
380,4
390,4
394,4
402,4
413,4
422,4
431,4
433,4
464,4
466,4
474,4
480,4
510,4
528,4
532,4
555,4
560,4
564,4
571,4
573,4
586,4
595,4
600,4
615,4
630,4
667,4
672,4
691,4
703,4
724,4
725,4
726,4
734,4
735,4
751,4
785,4
790,4
792,4
794,4
805,4
807,4
825,4
826,4
872,4
878,4
888,4
928,4
940,4
959,4
979,4
988,4
1023,4
1029,4
1037,4
1048,4
1052,4
1079,4
1121,4
1126,4
1148,4
1172,4
1249,4
1311,4
1374,4
1432,4
1434,4
1439,4
1504,4
1537,8
1556,18
1568,8
1573,2
1578,20
1608,20
1722,4
1733,4
2168,4
2631,4
2694,4
2698,4
2855,4
2856,4
2874,4
2890,4
2940,4
2943,4
2945,4
2973,4
3001,4
3042,4
3060,4
3069,4
3083,4
3096,4
3134,4
3168,4
3172,4
3177,4
3194,4
3288,4
3298,4
3303,4
3308,4
3340,4
3367,4
3387,4
3474,4
3494,4
3512,4
3518,4
3568,4
3582,4
3594,4
3599,4
3608,4
3624,4
3628,4
3664,4
3665,4
3673,4
3677,4
3684,4
3717,4
3725,4
3730,4
3741,4
3770,4
3771,4
3789,4
3796,4
3797,4
3805,4
3806,4
3807,4
3810,4
3813,4
3814,4
3824,4
3841,4
3884,4
3892,4
3897,4
3903,6
3934,4
3959,4
4006,4
4020,4
4028,10
4043,4
4048,4
4059,4
4110,4
4113,4
4135,4
4138,4
4142,4
4156,4
4161,4
4202,4
4210,4
4229,4
4283,4
4312,4
4384,4
4458,6
4463,4
4532,6
4547,8
4638,4
4660,6
4673,4
4679,4
4810,4
4841,4
4861,4
4870,4
4876,4
4879,4
4897,12
4902,4
4908,4
4921,4
4931,8
4956,4
4972,4
4977,6
4999,4
5001,4
5004,4
5046,8
5054,4
5056,6
5061,4
5062,4
5069,8
5088,4
5092,4
5107,4
5108,4
5116,10
5118,8
5122,14
5123,8
5158,4
5163,4
5165,4
5182,8
5187,4
5209,4
5211,4
5245,4
5247,4
5267,4
5288,4
5304,4
5324,4
5333,4
5350,4
5364,6
5367,4
5411,4
5416,4
5418,6
5422,6
5440,6
5487,8
5496,4
5499,4
5506,4
5513,4
5663,4
5768,20
5778,4
5793,6
5798,4
5823,4
5826,6
5833,4
5840,4
5846,4
5854,8
5855,4
6152,4
6218,4
6367,18
6371,4
6372,6
6373,6
6377,8
6386,10
6739,4
6743,6
6753,4
6759,4
7255,4
7267,4
7269,2
7270,2
7271,2
7272,2
7273,2
7274,2
7275,2
7276,2
7277,2
7278,2
7279,2
7280,2
7281,2
7282,2
7283,2
7284,2
7285,2
7286,2
7287,2
7288,2
7289,2
7290,2
7291,2
7292,2
7293,2
7294,2
7295,2
7296,2
7297,2
7298,2
7299,2
7300,2
7301,2
7302,2
7303,2
7304,2
7305,2
7306,2
7307,2
7308,2
7309,2
7310,2
7311,2
7312,2
7313,2
7314,2
7315,2
7318,2
7320,2
7322,2
7323,2
7324,8
7325,20
7335,6
7336,18
7344,2
7346,2
7347,12
7348,2
7351,2
7352,2
7353,2
7354,2
7357,2
7360,8
7365,2
7366,2
7367,10
7371,2
7372,6
7376,8
7379,2
7380,2
7381,2
7385,2
7389,2
7390,2
7392,2
7393,2
7394,2
7395,2
7396,2
7398,2
7399,2
7400,2
7401,2
7402,2
7403,2
7404,2
7405,2
7410,6
7411,6
7416,2
7417,2
7418,2
7419,2
7420,2
7421,2
7422,2
7423,2
7424,2
7425,2
7426,2
7427,2
7430,4
7433,2
7434,2
7435,2
7438,6
7440,8
7442,2
7444,2
7445,2
7446,2
7448,2
7449,6
7451,2
7452,2
7453,2
7455,2
7456,2
7457,2
7458,4
7461,4
7464,2
7465,2
7466,2
7467,2
7468,4
7471,2
7472,4
7474,2
7476,2
7477,2
7478,2
7479,2
7480,2
7481,2
7482,2
7483,2
7484,2
7487,2
7488,2
7489,2
7494,2
7495,2
7496,2
7497,2
7498,2
7499,2
7500,2
7501,2
7504,2
7505,2
7506,2
7507,2
7508,2
7509,2
7510,2
7514,2
7518,2
7519,2
7520,2
7523,2
7524,2
7525,2
7526,2
7528,2
7530,8
7531,2
7532,2
7533,2
7534,2
7536,2
7538,2
7540,2
7541,2
7544,2
7545,2
7546,2
7547,4
7549,2
7550,2
7551,2
7552,2
7554,2
7555,6
7556,2
7557,2
7558,2
7560,2
7561,4
7562,2
7564,2
7565,2
7566,2
7567,2
7568,2
7569,2
7571,2
7572,8
7574,2
7577,2
7578,2
7580,2
7581,2
7582,2
7583,2
7584,8
7588,2
7589,2
7590,2
7591,2
7592,2
7593,2
7594,2
7595,2
7598,2
7599,2
7600,2
7601,2
7602,2
7603,2
7606,2
7607,2
7608,2
7609,2
7610,2
7611,2
7612,2
7613,2
7615,2
7616,2
7618,2
7619,2
7620,2
7621,2
7622,2
7623,2
7624,2
7625,2
7627,2
7628,2
7631,2
7633,2
7634,2
7635,12
7641,2
7642,2
7643,2
7644,2
7645,2
7649,10
7651,2
7652,2
7657,2
7659,2
7660,2
7661,2
7663,2
7664,6
7665,2
7666,6
7673,2
7674,2
7675,2
7676,6
7680,4
7682,2
7684,2
7685,2
7686,2
7687,2
7688,2
7689,2
7691,2
7692,2
7693,2
7694,2
7696,2
7697,4
7703,2
7704,2
7705,2
7706,2
7707,6
7708,2
7709,2
7712,2
7713,4
7715,2
7716,8
7717,2
7718,2
7720,2
7723,2
7724,2
7725,2
7726,2
7727,6
7730,2
7731,2
7736,2
7737,2
7738,2
7739,2
7740,2
7741,2
7743,2
7744,2
7745,2
7746,2
7747,2
7749,2
7750,2
7751,2
7752,2
7753,6
7754,2
7755,6
7757,2
7759,2
7760,2
7762,2
7763,2
7764,2
7765,2
7766,2
7767,2
7768,2
7771,2
7773,6
7775,2
7776,2
7777,2
7780,6
7781,2
7783,2
7785,2
7786,2
7787,6
7788,2
7791,2
7793,2
7794,2
7795,2
7797,2
7798,6
7804,2
7805,4
7806,2
7807,2
7809,2
7810,6
7812,2
7813,2
7814,2
7815,2
7816,2
7817,2
7819,2
7820,2
7821,2
7822,2
7825,2
7826,2
7827,2
7830,2
7831,2
7834,2
7836,6
7840,2
7843,2
7844,2
7845,2
7846,2
7847,2
7848,2
7849,2
7850,2
7851,2
7852,2
7853,10
7860,2
7862,2
7864,6
7865,2
7869,2
7871,2
7872,2
7873,2
7874,2
7875,2
7876,2
7877,14
7882,2
7887,2
7888,8
7890,2
7891,2
7894,2
7895,2
7896,2
7897,2
7900,2
7901,2
7902,4
7904,2
7905,2
7906,2
7907,12
7913,2
7914,2
7915,2
7916,2
7917,4
7919,10
7924,2
7925,10
7928,2
7929,2
7932,2
7933,2
7934,2
7937,8
7943,2
7944,2
7945,2
7946,6
7947,2
7948,2
7951,2
7952,2
7953,8
7958,2
7960,6
7963,2
7964,2
7965,6
7966,2
7968,2
7969,6
7975,2
7976,2
7977,8
7981,2
7982,2
7983,2
7984,8
7986,2
7987,2
7990,2
7991,2
7998,2
7999,2
8000,2
8001,2
8005,2
8007,6
8008,2
8010,2
8011,2
8012,2
8014,4
8015,2
8016,2
8018,2
8021,2
8022,2
8023,2
8024,2
8025,2
8026,2
8027,2
8028,2
8029,2
8030,2
8031,2
8032,2
8033,2
8034,8
8038,2
8039,2
8040,2
8041,2
8042,2
8043,2
8044,2
8045,2
8046,2
8047,2
8048,4
8050,2
8051,2
8052,2
8054,2
8056,2
8057,2
8064,2
8065,2
8066,2
8067,2
8068,2
8069,2
8070,2
8071,2
8072,2
8074,2
8079,6
8081,2
8082,2
8083,2
8084,2
8085,2
8086,2
8088,4
8089,2
8092,6
8095,2
8096,2
8097,2
8100,2
8101,2
8102,2
8103,2
8104,2
8105,2
8106,2
8107,2
8108,2
8109,2
8110,2
8111,2
8112,2
8113,2
8114,2
8115,2
8116,2
8117,2
8118,2
8119,2
8120,2
8121,2
8122,2
8123,2
8124,4
8125,2
8127,2
8128,2
8129,2
8130,2
8131,2
8132,2
8133,2
8134,2
8135,2
8136,6
8138,2
8139,4
8143,2
8145,2
8147,2
8148,2
8150,2
8151,4
8152,2
8153,2
8155,2
8158,2
8159,2
8160,2
8161,2
8162,2
8163,8
8167,2
8168,2
8169,2
8170,2
8171,2
8172,2
8173,2
8174,2
8175,2
8176,2
8177,2
8178,2
8179,2
8180,2
8181,2
8182,2
8183,2
8184,2
8185,2
8186,2
8187,2
8188,2
8189,2
8192,2
8193,8
8195,2
8198,2
8199,2
8200,2
8201,2
8202,2
8203,2
8204,2
8205,2
8206,2
8207,2
8209,2
8210,2
8212,6
8215,2
8216,2
8217,2
8218,2
8219,2
8220,2
8221,6
8224,2
8225,2
8226,2
8229,2
8230,2
8231,2
8232,10
8236,2
8237,2
8239,6
8246,10
8249,2
8250,2
8251,2
8253,2
8254,6
8257,2
8258,2
8259,2
8261,2
8262,2
8263,2
8264,2
8265,2
8266,2
8267,2
8268,2
8269,2
8270,2
8271,2
8275,2
8276,8
8277,6
8280,2
8282,2
8283,2
8284,10
8289,6
8293,2
8294,2
8296,2
8298,2
8299,2
8307,14
8309,2
8310,2
8311,2
8312,2
8314,10
8323,2
8324,2
8325,2
8326,2
8327,2
8328,2
8329,2
8330,2
8331,2
8332,2
8333,2
8334,18
8339,2
8341,2
8342,6
8350,2
8351,6
8354,12
8356,2
8358,2
8361,2
8362,2
8364,2
8365,2
8366,2
8367,2
8368,2
8369,2
8370,8
8375,2
8376,2
8379,2
8380,2
8383,8
8387,12
8388,2
8391,10
8398,2
8400,16
8406,2
8407,16
8415,2
8418,2
8421,2
8422,10
8425,2
8426,2
8428,2
8429,2
8430,2
8431,2
8432,2
8433,2
8434,2
8435,2
8436,2
8437,2
8443,2
8444,12
8446,2
8447,14
8454,2
8455,2
8456,2
8457,2
8460,2
8462,2
8463,14
8469,2
8470,2
8471,2
8474,2
8475,10
8476,10
8481,2
8482,2
8483,2
8484,2
8485,2
8486,2
8487,2
8488,2
8489,2
8490,2
8491,2
8492,2
8493,2
8496,18
8504,2
8505,2
8506,2
8507,2
8508,2
8509,2
8510,2
8511,2
8512,2
8513,2
8514,2
8515,2
8516,2
8518,2
8519,2
8520,2
8521,2
8522,2
8523,2
8524,2
8525,2
8526,2
8527,2
8528,2
8529,2
8530,2
8531,2
8532,2
8533,2
8534,2
8535,2
8536,2
8537,2
8538,2
8539,2
8540,2
8541,2
8542,2
8543,20
8553,2
8554,2
8555,2
8556,2
8557,2
8558,2
8559,2
8560,2
8561,2
8562,2
8563,20
8573,12
8582,16
8587,2
8591,2
8592,2
8593,2
8594,2
8595,2
8596,2
8597,2
8598,2
8599,2
8600,2
8601,2
8602,2
8603,2
8604,2
8605,2
8606,2
8607,2
8608,2
8609,2
8610,2
8611,6
8614,8
8618,2
8619,2
8623,2
8626,8
8627,10
8630,2
8631,8
8635,2
8636,2
8637,2
8638,2
8639,2
8640,2
8641,2
8644,2
8645,2
8646,2
8647,2
8648,2
8649,2
8650,2
8651,2
8652,2
8653,2
8654,2
8655,2
8656,6
8657,2
8659,2
8661,2
8662,2
8663,2
8664,12
8669,2
8671,2
8673,2
8676,2
8677,2
8680,2
8681,12
8682,16
8684,2
8686,2
8692,4
8693,6
8697,2
8698,2
8699,2
8704,2
8705,2
8706,2
8708,2
8709,2
8710,2
8711,2
8712,2
8713,2
8714,2
8715,2
8716,2
8717,2
8718,2
8719,2
8720,2
8721,2
8722,2
8723,12
8725,2
8728,2
8732,2
8733,2
8734,12
8736,2
8740,16
8748,14
8755,2
8756,2
8757,2
8758,2
8759,2
8760,2
8761,2
8762,2
8763,2
8764,2
8765,2
8766,2
8767,2
8768,2
8769,2
8770,2
8771,2
8774,2
8775,2
8776,2
8777,2
8778,2
8779,2
8780,2
8781,2
8782,2
8783,2
8784,2
8785,4
8787,2
8788,2
8789,2
8790,2
8794,2
8795,8
8809,22
8812,2
8817,2
8818,2
8819,2
8820,4
8821,2
8822,2
8842,2
8843,2
8845,2
8856,2
8858,2
8862,6
8863,2
8866,2
8869,20
8893,28
8895,12
8903,22
8910,14
8911,2
8912,2
8913,2
8914,2
8915,2
8916,2
8917,4
8919,12
8921,2
8922,2
8923,2
8924,2
8925,2
8927,2
8932,8
8933,2
8936,2
8937,2
8938,2
8939,2
8940,2
8941,2
8942,2
8943,2
8944,2
8945,2
8946,2
8947,2
8948,2
8949,2
8950,2
8951,2
8952,2
8953,2
8954,2
8955,2
8956,2
8957,2
8958,2
8959,2
8960,2
8961,2
8962,2
8963,2
8964,2
8965,2
8966,2
8967,2
8968,2
8969,2
8970,2
8971,2
8972,2
8973,2
8974,2
8975,2
8976,2
8977,2
8978,2
8979,2
8980,2
8981,2
8982,2
8983,2
8984,2
8985,2
8986,2
8987,2
8988,2
8991,8
8994,2
8997,2
8998,2
8999,2
9000,2
9002,2
9003,2
9004,2
9005,2
9006,2
9007,2
9008,2
9009,2
9010,2
9011,2
9012,2
9013,2
9014,2
9015,2
9016,2
9017,2
9018,2
9019,2
9020,2
9021,2
9022,2
9023,2
9024,2
9025,2
9026,2
9027,2
9028,2
9029,2
9030,2
9031,2
9032,2
9033,2
9034,2
9035,2
9036,2
9037,2
9038,2
9039,2
9040,2
9041,2
9042,2
9043,2
9044,2
9045,2
9046,2
9047,2
9048,2
9049,2
9050,2
9051,2
9052,2
9053,2
9054,2
9055,2
9056,2
9057,2
9058,2
9059,2
9060,2
9061,2
9062,2
9063,2
9064,2
9065,2
9066,2
9067,2
9068,2
9069,2
9070,2
9071,2
9072,2
9073,2
9074,2
9075,2
9076,2
9077,2
9078,2
9079,2
9080,2
9081,2
9082,2
9083,2
9084,2
9085,2
9086,2
9087,2
9088,2
9089,2
9090,2
9091,2
9092,2
9093,2
9094,2
9095,2
9096,2
9097,2
9098,2
9099,2
9100,2
9101,2
9102,2
9103,2
9104,2
9105,2
9106,2
9107,2
9108,2
9109,2
9110,2
9111,2
9112,2
9113,2
9114,2
9115,2
9116,2
9117,2
9118,2
9119,2
9120,2
9121,2
9122,2
9123,2
9124,2
9125,2
9126,2
9127,2
9128,2
9129,2
9130,2
9131,2
9132,2
9133,2
9134,2
9135,2
9136,2
9137,2
9138,2
9139,2
9140,2
9141,2
9142,2
9143,2
9144,2
9145,2
9146,2
9147,2
9148,2
9149,2
9150,2
9151,2
9152,2
9153,2
9154,2
9155,2
9156,2
9157,2
9158,2
9159,2
9160,2
9161,2
9162,2
9163,2
9164,2
9165,2
9166,2
9167,2
9168,2
9169,2
9170,2
9171,2
9172,2
9173,2
9174,2
9175,2
9176,2
9177,2
9178,2
9179,2
9180,2
9181,2
9182,2
9183,2
9184,2
9185,2
9186,2
9187,2
9188,2
9189,2
9190,2
9191,2
9192,2
9193,2
9194,2
9195,2
9196,2
9197,2
9198,2
9199,2
9200,2
9201,2
9202,2
9203,2
9204,2
9205,2
9206,2
9207,2
9208,2
9209,2
9210,2
9211,2
9212,2
9213,2
9214,2
9215,2
9216,2
9217,2
9218,2
9219,2
9220,2
9221,2
9222,2
9223,2
9224,2
9225,2
9226,2
9227,2
9228,2
9229,2
9230,2
9231,2
9232,2
9233,2
9234,2
9235,2
9236,2
9237,2
9238,2
9239,2
9240,2
9241,2
9242,2
9243,2
9244,2
9245,2
9246,2
9247,2
9248,2
9249,2
9250,4
9252,2
9253,2
9254,2
9255,2
9256,2
9257,2
9258,2
9259,2
9260,2
9261,2
9262,2
9263,2
9264,2
9265,2
9266,2
9267,2
9268,2
9269,2
9270,2
9271,2
9272,2
9273,2
9274,2
9275,2
9276,2
9277,2
9278,2
9279,2
9280,2
9281,2
9282,2
9283,2
9284,2
9285,2
9286,2
9287,2
9288,2
9289,2
9290,2
9291,2
9292,2
9293,2
9294,2
9295,2
9296,2
9297,2
9298,2
9299,2
9300,2
9301,2
9302,2
9303,2
9304,2
9305,2
9306,2
9307,2
9308,2
9309,2
9310,2
9311,2
9312,2
9313,2
9314,2
9315,2
9316,2
9317,2
9318,2
9319,2
9320,2
9321,2
9322,2
9323,2
9324,2
9325,2
9326,2
9327,2
9328,2
9329,2
9330,2
9331,2
9332,2
9333,2
9334,2
9335,2
9336,2
9337,2
9338,2
9339,2
9340,2
9341,2
9342,2
9343,2
9344,2
9345,2
9346,2
9347,2
9348,2
9349,2
9350,2
9351,2
9352,2
9353,2
9354,2
9355,2
9356,2
9357,2
9358,2
9359,2
9360,2
9361,2
9362,2
9363,2
9364,2
9365,2
9366,2
9367,2
9368,2
9369,2
9370,2
9371,2
9372,2
9373,2
9374,2
9375,2
9376,2
9377,2
9378,2
9379,2
9380,2
9381,2
9382,2
9383,2
9384,2
9385,2
9386,2
9387,2
9388,2
9389,2
9390,2
9391,2
9392,2
9393,2
9394,2
9395,2
9396,2
9397,2
9398,2
9399,2
9400,2
9401,2
9402,2
9403,2
9404,2
9405,2
9406,2
9407,2
9408,2
9409,2
9410,2
9411,2
9412,2
9413,2
9414,2
9415,2
9416,2
9417,2
9418,2
9419,2
9420,2
9421,2
9422,2
9423,2
9424,2
9425,2
9426,2
9427,2
9428,2
9429,2
9430,2
9431,2
9432,2
9433,2
9434,2
9435,2
9438,2
9439,2
9440,2
9441,2
9442,2
9443,2
9445,2
9446,4
9447,2
9448,2
9449,2
9450,2
9451,2
9452,2
9453,2
9454,2
9455,2
9456,2
9457,2
9458,2
9459,2
9460,2
9461,2
9462,2
9463,2
9464,2
9465,2
9466,2
9467,2
9468,2
9469,2
9470,2
9471,2
9472,2
9473,2
9474,2
9475,2
9476,2
9477,2
9478,2
9479,2
9480,2
9481,2
9482,2
9483,2
9484,2
9485,2
9486,2
9487,2
9488,2
9489,2
9490,2
9491,2
9492,2
9493,2
9494,2
9495,2
9496,2
9497,2
9498,2
9499,2
9500,2
9501,2
9502,2
9503,2
9504,2
9505,2
9506,2
9507,2
9508,2
9509,2
9510,2
9511,2
9512,2
9513,2
9514,2
9515,2
9516,2
9517,2
9518,2
9519,2
9520,2
9521,2
9522,2
9523,2
9524,2
9525,2
9526,2
9527,2
9528,2
9529,2
9530,2
9531,2
9532,2
9533,2
9534,2
9535,2
9536,2
9537,2
9538,2
9539,2
9540,2
9541,2
9542,2
9543,2
9544,2
9545,2
9546,2
9547,2
9548,2
9549,2
9550,2
9551,2
9552,2
9553,2
9554,2
9555,2
9556,2
9557,2
9558,2
9559,2
9560,2
9561,2
9562,2
9563,2
9564,2
9565,2
9566,2
9567,2
9568,2
9569,2
9570,2
9571,2
9572,2
9573,2
9574,2
9575,2
9576,2
9577,2
9578,2
9579,2
9580,2
9581,2
9582,2
9583,2
9584,2
9585,2
9586,2
9587,2
9588,2
9589,2
9590,2
9591,2
9592,2
9593,2
9594,2
9595,2
9596,2
9597,2
9598,2
9599,2
9600,2
9601,2
9602,2
9603,2
9604,2
9605,2
9606,2
9607,2
9608,2
9609,2
9610,2
9611,2
9612,2
9613,2
9614,2
9615,2
9616,2
9617,2
9618,2
9619,2
9620,2
9621,2
9622,2
9623,2
9624,2
9625,2
9626,2
9627,2
9628,2
9629,2
9630,2
9631,2
9632,2
9633,2
9634,2
9635,2
9636,2
9637,2
9638,2
9639,2
9640,2
9641,2
9642,2
9643,2
9644,2
9645,2
9646,2
9647,2
9648,2
9649,2
9650,2
9651,2
9652,2
9653,2
9654,2
9655,2
9656,2
9657,2
9658,2
9659,2
9660,2
9661,2
9662,2
9663,2
9664,2
9665,2
9666,2
9667,2
9668,2
9669,2
9670,2
9671,2
9672,2
9673,2
9674,2
9675,2
9676,2
9677,2
9678,2
9679,2
9680,2
9681,2
9682,2
9683,2
9684,2
9685,2
9686,2
9687,2
9688,2
9689,2
9690,2
9691,2
9692,2
9693,2
9694,2
9695,2
9696,2
9697,2
9698,2
9699,2
9700,2
9701,2
9702,2
9703,2
9704,2
9705,2
9706,2
9707,2
9708,2
9709,2
9710,2
9711,2
9712,2
9713,2
9714,2
9715,2
9716,2
9717,2
9718,2
9719,2
9720,2
9721,2
9722,2
9723,2
9724,2
9725,2
9726,2
9727,2
9728,2
9729,2
9730,2
9731,2
9732,2
9733,2
9734,2
9735,2
9736,2
9737,2
9738,2
9739,2
9740,2
9741,2
9742,2
9743,2
9744,2
9745,2
9746,2
9747,2
9748,2
9749,2
9750,2
9751,2
9752,2
9753,2
9754,2
9755,2
9756,2
9757,2
9758,2
9759,2
9760,2
9761,2
9762,2
9763,2
9764,2
9765,2
9766,2
9767,2
9768,2
9769,2
9770,2
9771,2
9772,2
9773,2
9774,2
9775,2
9776,2
9777,2
9778,2
9779,2
9780,2
9781,2
9782,2
9783,2
9784,2
9785,2
9786,2
9787,2
9788,2
9789,2
9790,2
9791,2
9792,2
9793,2
9794,2
9795,2
9796,2
9797,2
9798,2
9799,2
9800,2
9801,2
9802,2
9803,2
9804,2
9805,2
9806,2
9807,2
9808,2
9809,2
9810,2
9811,2
9812,2
9813,2
9814,2
9815,2
9816,2
9817,2
9818,2
9819,2
9820,2
9821,2
9822,2
9823,2
9824,2
9825,2
9826,2
9827,2
9828,2
9829,2
9830,2
9831,2
9832,2
9833,2
9834,2
9835,2
9836,2
9837,2
9838,2
9839,2
9840,2
9841,2
9842,2
9843,2
9844,2
9845,2
9846,2
9847,2
9848,2
9849,2
9850,2
9851,2
9852,2
9853,2
9854,2
9855,2
9856,2
9857,2
9858,2
9859,2
9860,2
9861,2
9862,2
9863,2
9864,2
9865,2
9866,2
9867,2
9868,2
9869,2
9870,2
9871,2
9872,2
9873,2
9874,2
9875,2
9876,2
9877,2
9878,2
9879,2
9880,2
9881,2
9882,2
9883,2
9884,2
9885,2
9886,2
9887,2
9888,2
9889,2
9890,2
9891,2
9892,2
9893,2
9894,2
9895,2
9896,2
9898,2
9900,2
9901,2
9902,2
9903,2
9904,2
9905,2
9906,2
9907,2
9908,2
9909,2
9910,2
9911,2
9912,2
9913,2
9914,2
9915,2
9916,2
9917,2
9918,2
9919,2
9920,2
9921,2
9922,2
9923,2
9924,2
9925,2
9926,2
9927,2
9928,2
9929,2
9930,2
9931,2
9932,2
9933,2
9934,2
9935,2
9936,2
9937,2
9938,2
9939,2
9940,2
9941,2
9942,2
9943,2
9944,2
9945,2
9946,2
9947,2
9949,2
9950,6
9952,2
9953,2
9954,2
9955,2
9957,2
9958,6
9960,2
9963,2
9964,2
9965,2
9968,2
9969,2
9970,2
9971,2
9972,2
9973,2
9974,2
9975,2
9976,2
9977,2
9978,2
9979,2
9980,2
9981,2
9982,2
9983,2
9984,2
9985,2
9986,2
9987,2
9988,2
9989,2
9990,2
9991,2
9992,2
9993,2
9994,2
9995,2
9996,2
9997,2
9998,2
9999,2
10000,2
10001,2
10002,2
10003,2
10004,2
10005,2
10006,2
10007,2
10008,2
10009,2
10010,2
10011,2
10012,2
10013,2
10014,2
10015,2
10016,2
10017,2
10018,2
10019,2
10020,2
10021,2
10022,2
10023,2
10024,2
10025,2
10026,2
10027,2
10028,2
10029,2
10030,2
10031,2
10032,2
10033,2
10034,2
10035,2
10036,2
10037,2
10038,2
10039,2
10040,2
10041,2
10042,2
10043,2
10044,2
10045,2
10046,2
10047,2
10048,2
10049,2
10050,2
10051,2
10052,2
10053,2
10054,2
10055,2
10056,2
10057,2
10058,2
10059,2
10060,2
10061,2
10062,2
10063,2
10064,2
10065,2
10066,2
10067,2
10068,2
10069,2
10070,2
10071,2
10072,2
10073,2
10074,2
10075,2
10076,2
10077,2
10078,2
10079,2
10080,2
10081,2
10082,2
10083,2
10084,2
10085,2
10086,2
10087,2
10088,2
10089,2
10090,2
10091,2
10092,2
10093,2
10094,2
10095,2
10096,2
10097,2
10098,2
10099,2
10100,2
10101,2
10102,2
10103,2
10104,2
10105,2
10106,2
10107,2
10108,2
10109,2
10110,2
10111,2
10112,2
10113,2
10114,2
10115,2
10116,2
10117,2
10118,2
10119,2
10120,2
10121,2
10122,2
10125,2
10126,2
10127,2
10128,2
10129,2
10130,2
10131,2
10132,2
10133,2
10134,2
10135,2
10136,2
10137,2
10138,2
10139,2
10141,2
10143,6
10144,2
10145,2
10146,2
10148,2
10150,2
10152,2
10153,2
10154,2
10156,2
10157,6
10160,2
10161,2
10162,2
10163,2
10164,2
10165,2
10166,2
10167,2
10168,2
10169,2
10170,2
10171,2
10172,2
10173,2
10174,2
10175,2
10176,2
10177,2
10178,2
10179,2
10180,2
10181,2
10182,2
10183,2
10184,2
10185,2
10186,2
10187,2
10188,2
10189,2
10190,2
10191,2
10192,2
10193,2
10194,2
10195,2
10196,2
10197,2
10198,2
10199,2
10200,2
10201,2
10202,2
10203,2
10204,2
10205,2
10207,2
10209,2
10212,2
10214,2
10215,2
10216,2
10217,2
10219,2
10221,2
10222,2
10223,2
10224,2
10225,2
10226,2
10227,2
10228,2
10230,2
10231,2
10232,2
10233,2
10234,2
10235,2
10236,2
10237,2
10238,2
10239,2
10240,2
10243,2
10244,2
10246,2
10251,2
10252,2
10253,2
10254,2
10255,2
10256,2
10257,2
10259,2
10260,2
10261,2
10262,2
10263,2
10264,2
10265,2
10266,2
10267,2
10268,2
10270,2
10271,8
10272,2
10273,6
10274,2
10275,2
10277,2
10278,2
10279,2
10280,2
10281,2
10282,2
10283,2
10285,2
10286,2
10287,2
10288,2
10289,2
10290,2
10291,2
10292,2
10293,2
10294,2
10295,2
10296,2
10297,2
10298,2
10299,2
10300,2
10301,2
10302,2
10303,2
10304,2
10305,2
10306,2
10307,2
10309,2
10313,2
10315,2
10316,2
10317,2
10318,2
10319,2
10320,2
10321,2
10322,2
10323,2
10324,2
10325,2
10327,2
10329,2
10331,2
10332,2
10333,2
10334,2
10336,2
10338,2
10339,2
10340,6
10341,2
10342,2
10343,2
10344,2
10345,2
10346,2
10347,2
10348,2
10349,2
10350,2
10353,2
10354,2
10355,2
10356,2
10357,2
10360,2
10361,2
10362,2
10363,2
10365,2
10366,2
10367,2
10373,2
10374,2
10375,2
10376,2
10378,2
10379,8
10382,2
10383,2
10386,2
10388,2
10389,2
10392,2
10393,2
10394,6
10395,2
10400,2
10404,6
10405,2
10406,4
10407,2
10408,2
10409,2
10412,2
10413,2
10414,12
10416,2
10417,2
10418,2
10421,4
10422,2
10423,2
10425,2
10426,2
10427,2
10429,4
10431,10
10434,2
10435,2
10437,2
10438,6
10439,2
10441,2
10442,2
10444,4
10446,8
10448,2
10449,8
10451,2
10452,2
10453,2
10454,2
10455,2
10456,2
10457,2
10458,2
10459,2
10460,2
10461,2
10464,2
10465,2
10466,2
10467,2
10468,2
10469,2
10470,2
10471,2
10472,2
10473,2
10474,2
10475,2
10476,2
10477,2
10478,2
10479,2
10480,2
10481,2
10482,2
10483,2
10484,2
10485,2
10486,2
10487,2
10488,2
10489,2
10490,2
10491,2
10492,2
10493,2
10494,2
10495,2
10496,2
10497,2
10498,2
10499,2
10500,2
10501,2
10502,2
10503,2
10504,2
10505,2
10506,2
10507,2
10508,2
10509,2
10512,2
10513,2
10514,2
10516,2
10518,2
10519,6
10520,2
10524,2
10525,2
10526,2
10527,2
10528,2
10529,2
10531,2
10532,12
10533,2
10534,2
10535,2
10536,2
10537,2
10538,2
10539,2
10540,2
10541,2
10542,2
10543,2
10544,2
10545,2
10547,2
10548,2
10549,2
10550,2
10552,2
10554,2
10555,2
10557,2
10558,2
10559,2
10560,2
10561,2
10562,2
10564,2
10565,2
10567,2
10568,2
10569,2
10570,2
10573,2
10575,2
10577,2
10578,2
10579,2
10580,2
10581,2
10582,2
10583,2
10584,2
10585,2
10586,2
10589,2
10590,2
10591,2
10592,2
10593,2
10594,2
10595,2
10596,2
10598,2
10601,2
10602,2
10603,2
10605,2
10606,2
10607,2
10609,2
10610,2
10611,2
10612,2
10613,2
10614,2
10615,2
10617,2
10619,6
10622,2
10623,2
10624,2
10625,2
10626,2
10627,2
10628,2
10629,2
10631,2
10632,2
10636,2
10637,2
10638,2
10639,2
10640,2
10641,2
10642,2
10643,2
10644,2
10647,2
10648,2
10649,2
10650,2
10651,2
10652,2
10654,2
10656,2
10657,2
10658,2
10660,6
10661,2
10662,2
10663,2
10664,2
10665,2
10666,2
10667,2
10668,2
10669,2
10671,2
10676,2
10677,2
10678,2
10679,2
10680,2
10682,2
10683,2
10684,2
10685,2
10686,2
10687,2
10689,2
10690,2
10691,2
10692,2
10693,2
10694,2
10695,2
10696,2
10699,2
10700,2
10701,2
10702,2
10703,2
10704,2
10705,2
10706,2
10707,2
10708,2
10709,2
10710,2
10711,2
10712,2
10713,2
10714,2
10715,2
10716,2
10717,2
10718,2
10720,2
10721,2
10722,2
10723,2
10724,2
10725,2
10726,2
10728,2
10729,2
10730,2
10731,2
10732,2
10733,2
10735,2
10736,2
10737,2
10738,2
10739,2
10740,2
10741,2
10743,2
10744,2
10745,2
10746,2
10747,2
10748,2
10749,2
10750,2
10751,2
10752,2
10753,2
10754,2
10756,2
10757,2
10758,8
10759,2
10760,2
10763,2
10764,2
10765,2
10766,2
10767,2
10768,6
10769,2
10770,2
10772,2
10773,2
10774,2
10776,2
10777,2
10778,2
10779,2
10781,2
10782,2
10783,2
10784,2
10787,2
10788,2
10790,2
10792,2
10793,2
10794,2
10795,2
10797,2
10798,2
10799,2
10800,2
10801,2
10803,2
10804,2
10805,2
10806,2
10807,2
10808,2
10809,2
10810,2
10811,2
10812,2
10813,2
10814,2
10815,2
10817,2
10818,2
10819,2
10820,2
10821,2
10822,2
10823,6
10824,2
10825,2
10826,2
10827,2
10828,2
10830,2
10831,2
10832,2
10833,2
10834,2
10835,2
10837,2
10838,2
10839,2
10840,2
10841,2
10842,2
10843,2
10844,2
10845,2
10846,2
10847,2
10848,6
10849,2
10851,2
10852,2
10853,2
10855,2
10857,2
10858,2
10859,2
10860,2
10861,2
10863,2
10864,2
10865,2
10866,2
10869,2
10870,2
10871,2
10872,2
10873,2
10874,2
10875,4
10877,2
10878,2
10880,2
10881,2
10883,6
10884,2
10885,2
10886,2
10887,2
10888,2
10889,2
10891,2
10893,2
10894,2
10895,6
10897,2
10898,2
10899,2
10900,2
10901,2
10903,2
10904,2
10905,2
10906,2
10907,2
10908,2
10910,2
10911,2
10912,2
10914,2
10915,2
10916,2
10917,2
10919,2
10920,2
10921,2
10922,2
10923,2
10924,2
10925,4
10926,2
10927,2
10928,2
10929,2
10930,2
10931,2
10934,2
10935,2
10937,2
10938,2
10939,2
10940,8
10942,2
10943,2
10944,2
10946,2
10947,2
10949,2
10951,2
10953,2
10954,2
10955,2
10956,2
10957,2
10959,2
10960,2
10961,2
10962,2
10963,2
10964,2
10965,8
10966,2
10967,2
10968,2
10970,2
10971,2
10973,2
10974,2
10975,2
10976,2
10977,2
10978,2
10979,2
10980,2
10981,2
10982,2
10983,2
10984,2
10986,2
10987,2
10988,2
10989,2
10990,2
10991,2
10992,2
10994,2
10995,2
10996,2
10997,2
10999,2
11000,2
11001,2
11002,2
11003,2
11004,2
11005,2
11006,2
11007,2
11008,2
11010,2
11011,2
11012,2
11013,2
11014,2
11015,2
11016,2
11017,2
11018,2
11019,2
11020,2
11021,2
11022,2
11023,2
11024,2
11025,2
11026,2
11027,2
11028,2
11029,2
11030,2
11031,2
11032,2
11033,2
11035,2
11036,2
11037,2
11040,2
11041,2
11042,2
11043,2
11044,2
11045,2
11046,2
11047,2
11048,2
11049,2
11050,2
11051,2
11052,2
11053,2
11055,2
11056,2
11058,2
11059,2
11060,2
11062,2
11063,2
11066,2
11067,2
11068,2
11069,2
11070,2
11071,2
11076,2
11077,2
11079,2
11080,2
11083,2
11084,2
11085,2
11086,2
11087,6
11088,2
11089,2
11090,2
11091,2
11093,2
11094,2
11095,2
11096,2
11097,2
11099,2
11101,2
11102,2
11103,2
11104,2
11105,2
11106,2
11107,2
11108,2
11110,2
11111,2
11112,2
11113,2
11114,2
11115,2
11117,2
11118,2
11119,2
11120,2
11121,2
11122,2
11123,2
11124,2
11125,2
11126,2
11128,2
11129,2
11130,2
11131,2
11132,2
11133,2
11134,2
11135,2
11136,2
11137,2
11138,2
11139,2
11140,2
11141,2
11142,2
11143,2
11144,2
11145,2
11146,2
11147,2
11148,2
11149,2
11150,2
11151,2
11153,2
11155,2
11157,2
11158,2
11159,2
11161,2
11162,2
11163,2
11164,2
11168,2
11169,2
11170,2
11172,2
11173,2
11174,2
11176,2
11179,2
11180,2
11181,2
11182,2
11183,2
11184,2
11185,2
11186,2
11187,2
11188,2
11189,2
11190,2
11191,2
11192,2
11193,2
11194,2
11195,2
11197,2
11198,2
11199,2
11200,2
11201,2
11203,2
11205,2
11207,2
11208,2
11209,2
11210,2
11212,2
11213,2
11214,2
11215,2
11216,2
11217,2
11218,2
11219,2
11220,2
11221,2
11222,2
11223,2
11224,2
11226,2
11228,2
11229,2
11230,2
11231,2
11232,2
11233,2
11234,2
11235,2
11236,2
11237,2
11238,2
11239,2
11240,2
11241,2
11242,2
11243,2
11244,2
11245,2
11246,2
11247,2
11248,2
11249,2
11250,2
11251,2
11252,2
11253,2
11254,2
11255,2
11256,2
11257,2
11258,2
11259,2
11260,2
11261,2
11262,2
11263,2
11264,2
11265,2
11266,2
11267,2
11268,2
11269,2
11270,2
11271,2
11272,2
11273,2
11275,2
11276,2
11277,2
11278,2
11279,2
11280,2
11281,2
11282,2
11283,2
11284,2
11285,2
11286,2
11287,2
11289,2
11290,2
11291,2
11292,2
11293,2
11294,2
11295,2
11298,2
11299,2
11300,2
11301,2
11302,2
11304,2
11305,2
11306,2
11307,2
11308,2
11309,2
11310,2
11312,2
11313,2
11314,2
11315,2
11317,2
11319,2
11320,2
11321,2
11322,2
11324,2
11325,2
11326,2
11328,2
11329,2
11330,2
11331,2
11332,2
11333,2
11334,2
11335,2
11336,2
11337,2
11338,2
11339,2
11340,2
11341,2
11342,2
11343,2
11344,2
11346,2
11347,2
11348,2
11349,2
11350,2
11351,2
11352,2
11353,2
11354,2
11355,2
11356,2
11357,2
11358,2
11359,2
11360,2
11361,2
11362,2
11363,2
11365,2
11366,2
11367,2
11368,2
11369,2
11371,2
11372,2
11373,4
11374,4
11375,2
11376,2
11377,2
11379,2
11380,2
11382,2
11383,2
11384,2
11385,2
11386,2
11387,2
11388,2
11389,2
11390,2
11391,2
11392,2
11393,2
11394,2
11395,2
11396,2
11397,2
11398,2
11399,4
11400,2
11401,2
11402,2
11405,2
11407,2
11408,2
11409,2
11411,2
11412,2
11413,2
11414,2
11415,2
11416,2
11417,2
11418,2
11419,2
11420,2
11421,2
11422,2
11423,2
11425,2
11426,2
11427,2
11428,2
11430,2
11431,2
11432,2
11433,2
11434,2
11435,2
11436,2
11437,2
11439,2
11440,2
11441,4
11445,2
11446,2
11447,2
11448,2
11450,2
11451,2
11452,2
11453,4
11454,2
11455,2
11456,2
11457,2
11458,2
11459,2
11460,2
11461,2
11462,2
11463,2
11465,2
11466,2
11467,2
11468,2
11469,2
11471,2
11472,2
11473,2
11474,2
11475,2
11476,2
11477,2
11479,2
11480,2
11481,2
11482,4
11483,2
11484,2
11485,2
11486,2
11488,2
11489,2
11490,2
11491,2
11493,2
11494,2
11495,2
11496,2
11498,2
11499,2
11500,2
11501,2
11502,2
11503,2
11504,2
11505,2
11506,2
11507,4
11508,2
11509,2
11510,2
11511,2
11512,2
11513,2
11514,4
11515,4
11517,2
11518,2
11520,2
11521,2
11522,2
11523,2
11524,2
11525,2
11526,2
11527,2
11528,2
11529,2
11530,2
11531,2
11532,2
11533,2
11534,2
11535,2
11536,2
11537,2
11538,2
11539,2
11540,2
11541,2
11542,2
11543,2
11544,2
11545,2
11546,2
11547,2
11548,2
11549,4
11550,2
11552,2
11553,2
11554,2
11555,2
11556,2
11557,2
11558,2
11560,2
11561,2
11562,2
11563,4
11564,2
11565,4
11566,2
11567,2
11568,2
11569,2
11570,4
11571,2
11572,2
11573,2
11574,4
11575,2
11576,4
11577,2
11578,2
11579,2
11582,2
11583,2
11584,2
11585,2
11586,4
11587,2
11588,2
11589,2
11590,2
11591,2
11593,2
11594,2
11595,2
11596,2
11597,2
11598,2
11599,2
11600,2
11601,2
11602,2
11603,2
11604,2
11605,2
11606,2
11607,2
11608,2
11609,2
11610,2
11612,2
11613,2
11614,2
11616,2
11617,2
11618,2
11619,2
11620,2
11621,2
11622,2
11623,2
11624,4
11625,2
11626,2
11627,2
11629,2
11630,2
11631,2
11633,2
11634,2
11635,2
11636,2
11637,2
11638,2
11640,2
11641,2
11642,2
11643,2
11644,2
11645,2
11647,2
11648,2
11649,2
11650,2
11651,2
11653,2
11654,2
11655,2
11656,2
11657,2
11658,2
11659,2
11660,2
11661,2
11662,2
11663,2
11664,2
11665,2
11666,2
11667,2
11668,2
11669,2
11670,2
11671,2
11672,2
11673,2
11674,2
11675,2
11676,2
11678,2
11679,2
11680,2
11682,2
11683,2
11684,2
11685,2
11686,2
11687,2
11688,2
11689,2
11690,2
11691,2
11692,2
11693,4
11694,2
11695,2
11696,2
11697,2
11698,2
11699,2
11700,2
11701,2
11702,2
11703,2
11705,2
11706,2
11707,2
11708,2
11709,2
11710,2
11711,2
11712,2
11713,2
11715,2
11716,2
11717,2
11718,10
11719,2
11720,2
11721,2
11722,2
11723,4
11724,2
11725,2
11727,2
11728,4
11730,2
11732,4
11733,2
11736,2
11737,2
11739,2
11740,2
11741,2
11742,2
11743,2
11745,2
11746,2
11747,2
11748,2
11749,2
11750,2
11751,2
11753,2
11754,2
11755,2
11756,2
11757,2
11758,2
11759,2
11760,2
11761,2
11762,2
11763,2
11764,2
11765,2
11766,2
11767,6
11768,2
11769,2
11770,4
11772,2
11773,2
11774,2
11775,2
11776,2
11777,2
11778,2
11779,2
11780,2
11782,2
11783,2
11784,2
11785,2
11786,2
11787,2
11788,2
11789,4
11790,2
11791,2
11792,2
11793,2
11794,2
11795,2
11796,4
11797,2
11798,2
11799,2
11801,2
11802,2
11803,2
11804,4
11805,2
11806,2
11807,2
11808,2
11809,2
11810,2
11811,2
11812,2
11813,2
11814,2
11816,4
11817,2
11818,2
11819,2
11820,2
11821,2
11823,2
11824,6
11825,2
11826,2
11827,2
11828,2
11829,2
11830,2
11831,2
11832,2
11834,2
11835,2
11836,2
11837,2
11839,2
11840,2
11841,2
11843,2
11845,4
11846,2
11847,2
11848,2
11850,2
11851,2
11852,2
11856,2
11857,2
11858,2
11859,2
11860,2
11861,2
11862,2
11864,2
11865,2
11866,2
11868,2
11869,2
11870,2
11871,2
11873,2
11874,2
11875,6
11876,2
11877,2
11879,6
11880,2
11882,2
11885,2
11886,4
11889,2
11890,2
11891,2
11892,2
11893,2
11894,2
11895,2
11896,2
11897,2
11898,2
11899,2
11900,2
11901,2
11902,2
11903,2
11904,2
11905,2
11907,2
11908,2
11909,2
11910,2
11911,2
11912,2
11913,2
11914,2
11915,2
11916,2
11918,2
11919,2
11920,2
11921,2
11922,2
11923,2
11924,2
11925,2
11926,2
11927,2
11930,2
11932,2
11933,2
11934,2
11935,2
11936,2
11937,2
11938,2
11939,2
11940,2
11942,2
11943,2
11944,2
11945,2
11946,2
11948,2
11949,2
11950,2
11951,2
11952,2
11953,2
11955,2
11956,2
11957,2
11958,2
11959,2
11960,2
11961,2
11962,2
11963,2
11964,2
11965,2
11966,2
11968,2
11969,2
11970,2
11971,2
11972,2
11973,2
11974,2
11975,2
11976,2
11977,2
11978,2
11979,2
11980,2
11981,4
11982,4
11983,2
11986,2
11987,2
11988,6
11989,4
11991,2
11992,2
11993,16
11994,2
11995,2
11996,2
11998,2
12000,2
12001,2
12002,2
12003,2
12004,2
12005,2
12006,2
12007,2
12008,2
12009,2
12010,2
12011,2
12012,2
12013,2
12014,2
12015,2
12016,4
12018,2
12019,2
12021,2
12023,2
12024,2
12025,2
12026,2
12027,2
12028,2
12029,2
12030,2
12031,2
12032,2
12033,2
12034,2
12036,8
12037,2
12038,2
12040,2
12041,2
12042,2
12043,2
12044,2
12045,2
12046,2
12047,2
12048,2
12049,2
12050,2
12051,2
12052,2
12053,2
12054,2
12055,2
12056,2
12057,2
12058,2
12059,2
12060,2
12061,2
12062,2
12063,2
12064,2
12065,2
12066,2
12067,2
12068,2
12069,2
12070,2
12071,2
12072,2
12073,2
12074,2
12075,2
12076,2
12077,2
12079,2
12080,2
12081,8
12082,2
12083,2
12084,2
12085,2
12086,2
12087,2
12088,2
12089,2
12090,2
12091,2
12092,2
12093,2
12094,2
12095,2
12096,2
12098,2
12099,2
12100,2
12101,2
12102,2
12104,2
12105,2
12106,2
12107,2
12108,2
12110,2
12111,2
12112,2
12113,2
12114,2
12115,2
12116,2
12117,2
12118,2
12119,2
12120,2
12121,2
12122,2
12123,2
12124,2
12125,2
12126,2
12127,2
12128,2
12130,2
12131,2
12132,2
12133,2
12134,2
12135,2
12136,2
12137,2
12139,2
12141,2
12143,2
12146,2
12148,2
12149,4
12150,4
12152,2
12153,2
12154,2
12155,2
12156,2
12157,2
12158,2
12160,2
12161,2
12162,2
12163,2
12164,2
12168,2
12174,2
12175,2
12177,2
12178,2
12179,2
12180,2
12181,2
12182,2
12183,2
12184,2
12185,2
12186,2
12187,2
12188,2
12190,2
12191,2
12192,2
12194,2
12195,2
12196,2
12197,2
12198,2
12201,2
12202,2
12203,2
12205,2
12206,2
12207,2
12208,2
12209,2
12210,2
12211,2
12212,2
12213,2
12214,2
12215,2
12216,2
12217,2
12218,2
12219,2
12220,2
12222,2
12223,2
12225,2
12226,2
12227,2
12228,2
12229,2
12231,2
12232,2
12235,2
12236,2
12237,2
12238,2
12239,2
12241,2
12242,2
12244,2
12246,2
12248,2
12249,2
12250,2
12251,2
12252,2
12253,2
12254,2
12255,2
12256,2
12257,2
12258,2
12259,2
12260,2
12261,2
12262,2
12263,2
12264,2
12265,2
12271,2
12273,2
12274,2
12275,2
12276,2
12277,2
12278,2
12279,2
12280,2
12281,2
12282,2
12283,2
12284,4
12285,2
12286,2
12287,2
12288,2
12290,2
12291,2
12292,2
12293,2
12294,2
12295,2
12296,2
12297,2
12298,2
12299,2
12300,2
12301,2
12302,2
12304,2
12305,2
12306,2
12307,2
12308,2
12309,2
12310,2
12311,6
12312,2
12313,2
12315,2
12318,2
12325,2
12328,2
12331,2
12332,2
12333,2
12334,2
12335,2
12336,2
12341,2
12342,2
12343,2
12344,2
12345,2
12347,2
12348,2
12350,2
12351,2
12352,2
12353,2
12354,2
12355,2
12357,2
12358,2
12359,2
12362,2
12363,2
12364,2
12365,2
12366,2
12367,2
12368,2
12369,2
12370,2
12371,2
12372,2
12374,2
12378,2
12379,2
12385,2
12401,2
12402,2
12403,2
12404,2
12405,2
12406,2
12408,2
12409,2
12410,2
12411,2
12412,2
12413,2
12414,2
12415,2
12416,2
12417,2
12418,2
12419,2
12420,2
12421,2
12422,2
12423,2
12424,2
12425,2
12428,2
12430,2
12432,2
12434,2
12435,2
12436,2
12437,2
12438,2
12439,2
12441,2
12442,2
12443,2
12444,2
12445,2
12446,2
12447,2
12448,2
12449,2
12451,2
12453,2
12454,2
12456,2
12457,2
12458,2
12459,2
12462,2
12464,2
12465,2
12466,2
12467,2
12468,2
12469,2
12471,2
12472,2
12473,2
12474,2
12475,2
12476,2
12478,2
12480,2
12481,2
12482,2
12483,2
12484,2
12485,2
12487,2
12488,2
12489,2
12490,2
12491,2
12492,2
12493,2
12494,2
12495,2
12496,2
12497,2
12498,2
12499,2
12501,2
12502,2
12503,2
12504,2
12505,2
12506,2
12507,2
12508,2
12509,2
12510,2
12511,2
12512,2
12517,2
12518,2
12519,2
12520,2
12521,2
12522,2
12523,2
12524,2
12525,2
12526,2
12527,2
12528,2
12529,2
12530,2
12531,2
12533,2
12534,2
12536,2
12537,2
12538,2
12539,2
12540,2
12541,2
12542,2
12543,2
12544,2
12545,2
12546,2
12547,2
12548,2
12549,2
12550,2
12551,2
12552,2
12553,2
12554,2
12557,2
12558,2
12559,2
12560,2
12562,2
12563,2
12564,2
12566,2
12567,2
12568,2
12569,2
12570,2
12571,2
12573,2
12574,2
12575,2
12576,2
12577,2
12578,2
12579,2
12580,2
12581,2
12582,2
12583,2
12584,2
12585,2
12586,2
12587,2
12589,2
12590,2
12591,2
12594,2
12595,2
12596,2
12597,2
12598,2
12599,2
12600,2
12602,2
12603,2
12604,2
12605,2
12607,2
12608,2
12609,2
12610,2
12611,2
12612,2
12613,2
12614,2
12615,2
12616,2
12617,2
12619,2
12620,2
12621,2
12622,2
12623,2
12624,2
12625,2
12626,2
12627,2
12628,2
12629,2
12633,2
12634,2
12637,2
12638,2
12639,2
12640,2
12641,2
12642,2
12643,2
12644,2
12646,2
12648,2
12651,2
12652,2
12653,2
12654,2
12655,2
12656,2
12657,2
12659,2
12660,2
12661,2
12662,2
12663,2
12665,2
12666,2
12667,2
12668,2
12669,2
12670,2
12671,4
12672,2
12673,4
12674,2
12675,2
12676,2
12677,2
12678,2
12680,2
12682,2
12683,2
12685,2
12689,2
12691,2
12692,2
12695,2
12696,2
12697,2
12698,2
12699,2
12700,2
12702,2
12703,2
12704,2
12706,2
12707,2
12710,2
12711,2
12713,2
12714,2
12715,2
12716,2
12717,2
12719,2
12722,2
12726,2
12727,2
12728,2
12729,2
12730,2
12731,2
12732,2
12733,2
12734,2
12735,2
12736,2
12737,2
12738,2
12739,2
12740,2
12741,2
12742,2
12743,2
12744,2
12745,2
12746,2
12747,2
12748,2
12749,2
12750,2
12751,2
12752,2
12753,6
12754,2
12756,2
12757,2
12758,2
12759,2
12760,2
12761,2
12762,2
12763,2
12765,2
12766,2
12768,2
12769,2
12770,4
12773,2
12776,2
12779,2
12780,2
12782,2
12783,2
12784,2
12785,2
12786,2
12787,2
12788,2
12789,2
12790,2
12791,2
12792,2
12793,2
12794,2
12795,2
12796,2
12797,2
12798,2
12799,2
12800,2
12801,2
12802,2
12803,2
12804,2
12805,2
12806,2
12807,2
12808,2
12809,2
12810,2
12811,2
12812,2
12813,2
12814,2
12815,2
12816,2
12817,2
12818,2
12819,2
12820,2
12821,2
12822,2
12823,2
12824,2
12825,2
12826,2
12827,2
12828,2
12829,2
12830,2
12831,2
12832,2
12833,2
12834,2
12835,2
12836,2
12837,2
12838,2
12839,2
12840,2
12841,2
12842,2
12843,2
12844,2
12845,2
12846,2
12847,2
12848,2
12849,2
12850,2
12851,2
12852,2
12853,2
12854,2
12855,2
12856,2
12857,2
12858,2
12859,2
12860,2
12861,2
12862,2
12863,2
12864,2
12865,2
12866,2
12867,2
12868,2
12869,2
12870,2
12871,2
12872,2
12873,2
12874,2
12875,2
12876,2
12877,2
12878,2
12879,2
12880,2
12881,2
12882,2
12883,2
12884,2
12885,2
12886,2
12887,2
12888,2
12889,2
12890,2
12891,2
12892,2
12893,2
12894,2
12895,2
12896,2
12897,2
12898,2
12899,2
12900,2
12901,2
12902,2
12903,2
12904,2
12905,2
12906,2
12907,2
12908,2
12909,2
12910,2
12911,2
12912,2
12913,2
12914,2
12915,2
12916,2
12917,2
12918,2
12919,2
12920,2
12921,2
12922,2
12923,2
12924,2
12925,2
12926,2
12927,2
12928,2
12929,2
12930,2
12933,2
12934,2
12935,2
12936,2
12937,2
12938,2
12939,2
12940,2
12941,2
12942,2
12943,2
12944,2
12945,2
12946,2
12947,2
12948,2
12949,2
12950,2
12951,2
12952,2
12953,2
12954,2
12955,2
12956,2
12957,2
12958,2
12959,2
12960,2
12961,2
12962,2
12963,2
12964,2
12965,2
12966,2
12967,2
12968,2
12969,2
12970,2
12971,2
12972,2
12973,2
12974,2
12975,2
12976,2
12977,2
12978,2
12979,2
12980,2
12981,2
12982,2
12983,4
12984,2
12985,2
12987,2
12988,2
12989,2
12990,2
12991,2
12992,2
12993,2
12994,2
12995,2
12996,2
12997,2
12998,2
12999,2
13000,2
13001,2
13002,2
13003,2
13004,2
13005,2
13006,2
13007,2
13008,2
13009,2
13010,2
13011,2
13012,2
13013,2
13014,2
13015,2
13016,2
13017,2
13018,2
13019,2
13020,2
13021,2
13022,2
13023,2
13024,2
13025,2
13026,2
13027,2
13028,2
13029,2
13030,2
13031,2
13032,2
13033,2
13034,2
13035,2
13037,2
13039,2
13040,2
13044,2
13049,2
13051,2
13055,2
13057,2
13058,2
13059,2
13060,2
13062,2
13064,2
13065,2
13067,2
13068,2
13069,2
13071,2
13072,2
13073,2
13074,2
13075,2
13076,2
13078,2
13079,2
13080,2
13081,2
13082,2
13083,2
13084,2
13085,2
13086,2
13087,2
13088,2
13089,2
13090,2
13092,2
13097,2
13098,2
13100,2
13102,2
13103,2
13105,2
13106,2
13107,2
13109,2
13110,2
13111,2
13112,2
13113,2
13116,2
13117,2
13118,2
13119,2
13120,2
13124,2
13125,2
13127,2
13128,2
13129,2
13130,2
13131,2
13132,2
13133,2
13134,2
13135,2
13136,2
13137,2
13138,2
13139,2
13140,2
13141,2
13142,2
13143,2
13144,2
13145,2
13146,2
13147,2
13148,2
13149,2
13150,2
13151,2
13152,2
13153,2
13154,2
13155,2
13156,2
13157,2
13158,2
13159,2
13160,2
13161,2
13162,2
13163,2
13164,2
13165,2
13166,2
13167,2
13168,2
13169,2
13170,2
13171,2
13172,2
13173,2
13174,2
13175,2
13176,2
13177,2
13178,2
13179,2
13180,2
13181,2
13182,2
13183,2
13184,2
13185,2
13186,2
13187,2
13188,2
13189,2
13190,2
13191,2
13192,2
13193,2
13194,2
13195,2
13196,2
13197,2
13198,2
13199,2
13200,2
13201,2
13202,2
13203,2
13204,2
13205,2
13206,2
13207,2
13208,2
13209,2
13210,2
13211,2
13212,2
13213,2
13214,2
13215,2
13216,2
13217,2
13218,2
13219,2
13220,2
13221,2
13222,2
13223,2
13224,2
13225,2
13226,2
13227,2
13228,2
13229,2
13230,2
13231,2
13232,2
13233,2
13234,2
13235,2
13236,2
13237,2
13238,2
13239,2
13240,2
13241,2
13242,2
13243,2
13244,2
13245,2
13246,2
13247,2
13248,2
13249,2
13250,2
13251,2
13252,2
13253,2
13254,2
13255,2
13256,2
13257,2
13258,2
13259,2
13260,2
13261,2
13262,2
13263,2
13264,2
13265,2
13266,2
13267,2
13268,2
13269,2
13270,2
13271,2
13272,2
13273,2
13274,2
13275,2
13276,2
13277,2
13278,2
13279,2
13280,2
13281,2
13282,2
13283,2
13284,2
13285,2
13286,2
13287,2
13288,2
13289,2
13290,2
13291,2
13292,2
13293,2
13294,2
13295,2
13296,2
13297,2
13298,2
13299,2
13300,2
13301,2
13302,2
13303,2
13304,2
13305,2
13306,2
13307,2
13308,2
13309,2
13310,2
13311,2
13312,2
13313,2
13314,2
13315,2
13316,2
13317,2
13318,2
13319,2
13320,2
13321,2
13322,2
13323,2
13324,2
13325,2
13326,2
13327,2
13328,2
13329,2
13330,2
13331,2
13332,2
13333,2
13334,2
13335,2
13336,2
13337,2
13338,2
13339,2
13340,2
13341,2
13342,2
13343,2
13344,2
13345,2
13346,2
13347,2
13348,2
13349,2
13350,2
13351,2
13352,2
13353,2
13354,2
13355,2
13356,2
13357,2
13358,2
13359,2
13360,2
13361,2
13362,2
13363,2
13364,2
13365,2
13366,2
13367,2
13368,2
13369,2
13370,2
13371,2
13372,2
13373,2
13374,2
13375,2
13376,2
13377,2
13378,2
13379,2
13380,2
13381,2
13382,2
13383,2
13384,2
13385,2
13386,2
13387,2
13388,2
13389,2
13390,2
13391,2
13392,2
13393,2
13394,2
13395,2
13396,2
13397,2
13398,2
13399,2
13400,2
13401,2
13402,2
13403,2
13404,2
13405,2
13406,2
13407,2
13408,2
13409,2
13410,2
13411,2
13412,2
13413,2
13414,2
13415,2
13416,2
13417,2
13418,2
13419,2
13422,2
13423,2
13424,2
13425,2
13426,2
13427,2
13428,2
13429,2
13430,2
13431,2
13432,2
13433,2
13434,2
13435,2
13436,2
13437,2
13438,2
13439,2
13440,2
13441,2
13442,2
13443,2
13444,2
13445,2
13446,2
13447,2
13448,2
13449,2
13450,2
13451,2
13452,2
13453,2
13454,2
13455,2
13456,2
13457,2
13458,2
13459,2
13460,2
13461,2
13462,2
13463,2
13464,2
13465,2
13466,2
13467,2
13468,2
13469,2
13470,2
13471,2
13472,2
13473,2
13474,2
13475,2
13476,2
13477,2
13478,2
13479,2
13480,2
13481,2
13482,2
13483,2
13484,2
13485,2
13488,2
13489,2
13490,2
13491,2
13492,2
13493,2
13494,2
13495,2
13496,2
13497,2
13498,2
13499,2
13500,2
13501,2
13502,2
13503,2
13504,2
13505,2
13506,2
13507,2
13508,2
13509,2
13510,2
13511,2
13512,2
13513,2
13514,2
13515,2
13516,2
13517,2
13518,2
13519,2
13520,2
13521,2
13522,2
13523,2
13524,2
13525,2
13526,2
13527,2
13528,2
13529,2
13530,2
13531,2
13532,2
13533,2
13534,2
13535,2
13536,2
13537,2
13538,2
13539,2
13540,2
13541,2
13542,2
13543,2
13544,2
13545,2
13546,2
13547,2
13548,2
13549,2
13550,2
13551,2
13552,2
13553,2
13554,2
13555,2
13556,2
13557,2
13558,2
13559,2
13560,2
13561,2
13562,2
13563,2
13564,2
13565,2
13566,2
13567,2
13568,2
13569,2
13570,2
13571,2
13572,2
13573,2
13574,2
13575,2
13576,2
13577,2
13578,2
13579,2
13580,2
13581,2
13582,2
13583,2
13584,2
13585,2
13586,2
13587,2
13588,2
13589,2
13590,2
13591,2
13592,2
13593,2
13594,2
13595,2
13596,2
13597,2
13598,2
13599,2
13600,2
13602,8
13605,2
13606,2
13607,2
13608,2
13609,2
13610,2
13611,2
13612,2
13613,2
13614,2
13615,2
13616,2
13617,2
13618,2
13619,2
13620,2
13621,2
13622,2
13623,2
13624,2
13625,2
13626,2
13627,2
13628,2
13629,2
13630,2
13631,2
13632,2
13633,2
13634,2
13637,2
13659,2
13663,2
13664,2
13665,2
13666,2
13667,2
13668,2
13669,2
13670,2
13671,2
13672,2
13673,2
13674,2
13675,2
13676,2
13677,2
13678,2
13679,2
13680,2
13681,2
13682,2
13683,2
13684,2
13685,2
13686,2
13687,2
13688,2
13689,2
13690,2
13691,2
13692,2
13693,2
13694,2
13695,2
13696,2
13697,2
13698,2
13699,2
13700,2
13701,2
13702,2
13703,2
13704,2
13705,2
13706,2
13707,2
13708,2
13709,2
13710,2
13711,2
13712,2
13713,2
13714,2
13715,2
13716,2
13717,2
13718,2
13719,2
13720,2
13721,2
13722,2
13723,2
13724,2
13725,2
13726,2
13727,2
13728,2
13729,2
13730,2
13731,2
13732,2
13733,2
13734,2
13735,2
13736,2
13737,2
13738,2
13739,2
13740,2
13741,2
13742,2
13743,2
13744,2
13745,2
13746,2
13747,2
13748,2
13749,2
13750,2
13751,2
13752,2
13753,2
13754,2
13755,2
13756,2
13757,2
13758,2
13759,2
13760,2
13761,2
13762,2
13763,2
13764,2
13765,2
13766,2
13767,2
13768,2
13769,2
13770,2
13771,2
13772,2
13773,2
13774,2
13775,2
13776,2
13777,2
13778,2
13779,2
13780,2
13781,2
13782,2
13783,2
13784,2
13785,2
13786,2
13787,2
13788,2
13789,2
13790,2
13791,2
13792,2
13793,2
13794,2
13795,2
13796,2
13797,2
13798,2
13799,2
13800,2
13801,2
13802,2
13803,2
13804,2
13805,2
13806,2
13807,2
13808,2
13809,2
13810,2
13811,2
13812,2
13813,2
13814,2
13815,2
13816,2
13817,2
13818,2
13819,2
13820,2
13821,2
13822,2
13823,2
13824,2
13825,2
13826,2
13827,2
13828,2
13829,2
13830,2
13831,2
13832,2
13833,2
13834,2
13835,2
13836,2
13837,2
13838,2
13839,2
13840,2
13841,2
13842,2
13843,2
13844,2
13845,2
13846,2
13847,2
13848,2
13849,2
13850,2
13851,2
13852,2
13853,2
13854,2
13855,2
13856,2
13857,2
13858,2
13859,2
13860,2
13861,2
13862,2
13863,2
13864,2
13865,2
13866,2
13867,2
13868,2
13869,2
13870,2
13871,2
13872,2
13873,2
13874,2
13875,2
13876,2
13877,2
13878,2
13879,2
13880,2
13881,2
13882,2
13883,2
13884,2
13885,2
13886,2
13887,2
13888,2
13889,2
13890,2
13891,2
13892,2
13893,2
13894,2
13895,2
13896,2
13897,2
13898,2
13899,2
13900,2
13901,2
13902,2
13903,2
13904,2
13905,2
13906,2
13907,2
13908,2
13909,2
13910,2
13911,2
13912,2
13913,2
13914,2
13915,2
13916,2
13917,2
13918,2
13919,2
13920,2
13921,2
13922,2
13923,2
13924,2
13925,2
13926,2
13927,2
13928,2
13929,2
13930,2
13931,2
13932,2
13933,2
13934,2
13935,2
13936,2
13937,2
13938,2
13939,2
13940,2
13941,2
13942,2
13943,2
13944,2
13945,2
13946,2
13947,2
13948,2
13949,2
13950,2
13951,2
13952,2
13953,2
13954,2
13955,2
13956,2
13957,4
13959,2
13960,2
13961,2
13962,2
13963,2
13964,2
13965,2
13967,2
13968,4
13969,2
13970,2
13971,2
13972,2
13973,2
13974,2
13975,2
13976,2
13977,2
13978,2
13979,2
13980,2
13981,2
13982,2
13983,2
13984,2
13985,2
13986,2
13987,2
13988,2
13989,2
13990,2
13991,2
13992,2
13993,2
13994,2
13995,2
13996,2
13997,2
13998,2
13999,2
14000,2
14001,2
14002,2
14003,2
14004,2
14005,2
14006,2
14009,2
14010,2
14012,2
14013,2
14016,2
14017,2
14018,2
14019,2
14020,2
14024,2
14025,2
14026,2
14028,2
14029,2
14030,2
14031,2
14032,2
14033,2
14034,2
14035,2
14036,2
14037,2
14038,2
14039,2
14040,2
14041,2
14042,2
14043,2
14044,2
14045,2
14046,2
14047,2
14048,2
14049,2
14050,2
14051,2
14052,2
14053,2
14054,2
14055,2
14056,2
14057,2
14058,2
14059,2
14060,2
14061,2
14062,2
14063,2
14064,2
14065,2
14066,2
14067,2
14068,2
14069,2
14070,2
14071,2
14072,2
14073,2
14074,2
14075,2
14076,2
14077,2
14078,2
14079,2
14080,2
14081,2
14082,2
14083,2
14084,2
14085,2
14086,2
14087,2
14088,2
14089,2
14090,2
14091,2
14092,2
14093,2
14094,2
14095,2
14096,2
14097,2
14098,2
14099,2
14100,2
14101,2
14102,2
14103,2
14104,2
14105,2
14106,2
14107,2
14108,2
14109,2
14110,2
14111,2
14112,2
14113,2
14114,2
14115,2
14116,2
14117,2
14118,2
14119,2
14120,2
14121,2
14122,2
14123,2
14124,2
14125,2
14126,2
14127,2
14128,2
14129,2
14130,2
14131,2
14132,2
14133,2
14134,2
14135,2
14136,2
14137,2
14138,2
14139,2
14140,2
14141,2
14142,2
14143,2
14144,2
14145,2
14146,2
14147,2
14148,2
14149,2
14150,2
14151,2
14152,2
14153,2
14154,2
14155,2
14156,2
14157,2
14158,2
14159,2
14160,2
14161,2
14162,2
14163,2
14164,2
14165,2
14166,2
14167,2
14168,2
14169,2
14170,2
14171,2
14172,2
14173,2
14174,2
14175,2
14176,2
14177,2
14178,2
14179,2
14180,2
14181,2
14182,2
14183,2
14184,2
14185,2
14186,2
14187,2
14188,2
14189,2
14190,2
14191,2
14192,2
14193,2
14194,2
14195,2
14196,2
14197,2
14198,2
14199,2
14200,2
14201,2
14202,2
14203,2
14204,2
14205,2
14206,2
14207,2
14208,2
14209,2
14210,2
14211,2
14212,2
14213,2
14214,2
14215,2
14216,2
14217,2
14218,2
14219,2
14220,2
14221,2
14222,2
14223,2
14224,2
14225,2
14226,2
14227,2
14228,2
14229,2
14230,2
14231,2
14232,2
14233,2
14234,2
14235,2
14236,2
14237,2
14238,2
14239,2
14240,2
14241,2
14242,2
14243,2
14244,2
14245,2
14246,2
14247,2
14248,2
14249,2
14250,2
14251,2
14252,2
14253,2
14254,2
14255,2
14256,2
14257,2
14258,2
14259,2
14260,2
14261,2
14262,2
14263,2
14264,2
14265,2
14266,2
14267,2
14268,2
14269,2
14270,2
14271,2
14272,2
14273,2
14274,2
14275,2
14276,2
14277,2
14278,2
14279,2
14280,2
14281,2
14282,2
14283,2
14284,2
14285,2
14286,2
14287,2
14288,2
14289,2
14290,2
14291,2
14292,2
14293,2
14294,2
14295,2
14296,2
14297,2
14298,2
14299,2
14300,2
14301,2
14302,2
14303,2
14304,2
14305,2
14306,2
14307,2
14308,2
14309,2
14310,2
14311,2
14312,2
14313,2
14314,2
14315,2
14316,2
14317,2
14318,2
14319,2
14320,2
14321,2
14322,2
14323,2
14324,2
14325,2
14326,2
14327,2
14328,2
14329,2
14330,2
14331,2
14332,2
14333,2
14334,2
14335,2
14336,2
14337,2
14338,2
14339,2
14340,2
14341,2
14342,2
14343,2
14344,2
14345,2
14346,2
14347,2
14348,2
14349,2
14350,2
14351,2
14352,2
14353,2
14354,2
14355,2
14356,2
14357,2
14358,2
14359,2
14360,2
14361,2
14362,2
14363,2
14364,2
14365,2
14366,2
14367,2
14368,2
14369,2
14370,2
14371,2
14372,2
14373,2
14374,2
14375,2
14376,2
14377,2
14378,2
14379,2
14380,2
14381,2
14382,2
14383,2
14384,2
14385,2
14386,2
14387,2
14388,2
14389,2
14390,2
14391,2
14392,2
14393,2
14394,2
14395,2
14396,2
14397,2
14398,2
14399,2
14400,2
14401,2
14402,2
14403,2
14404,2
14405,2
14406,2
14407,2
14408,2
14409,2
14410,2
14411,2
14412,2
14413,2
14414,2
14415,2
14416,2
14417,2
14418,2
14419,2
14420,2
14421,2
14422,2
14423,2
14424,2
14425,2
14426,2
14427,2
14428,2
14429,2
14430,2
14431,4
14432,4
14433,6
14434,4
14435,4
14436,4
14437,4
14438,4
14439,4
14440,2
14441,12
14447,2
14448,2
14449,2
14450,2
14451,2
14452,2
14453,2
14456,2
14457,2
14461,2
14463,2
14467,2
14469,2
14470,2
14471,2
14472,2
14473,2
14474,2
14475,2
14476,2
14477,2
14478,2
14479,2
14480,2
14481,2
14482,2
14483,2
14484,2
14485,2
14486,2
14487,2
14488,2
14489,2
14490,2
14491,2
14492,2
14493,2
14494,2
14495,2
14496,2
14497,2
14498,2
14499,2
14500,2
14501,2
14502,2
14503,2
14504,2
14505,2
14506,2
14507,2
14508,2
14509,2
14510,2
14511,2
14512,2
14513,2
14514,2
14515,2
14516,2
14517,2
14518,2
14519,2
14520,2
14521,2
14522,2
14524,2
14525,2
14526,2
14527,2
14528,2
14529,2
14531,2
14532,2
14533,2
14534,2
